robot_Mass=33.784800