robot_Volume=33.784800