robotCoM=[1.029963 0.951648 -0.620140]
robotMoI=[0.997800 1.693400 2.128400]
robot_Mass=33.784800
robotCoB=[1.026063 0.949158 -0.616040]
robot_Volume=0.034800
