robotCoM=[1.029963 0.951648 -0.620140]