robotMoI=[0.997800 1.693400 2.128400]