robotCoM=[-0.412500 0.377000 -0.112000]
robotMoI=[0.997800 1.693400 2.128400]
robot_Mass=33.784800
robotCoB=[-0.410010 0.381100 -0.108100]
robot_Volume=0.034800
robotRollDragCoefficients=[-6.000000 -2.000000 0]
robotPitchDragCoefficients=[-12.000000 -4.500000 0]
robotYawDragCoefficients=[-12.000000 -2.500000 0]
robotXDragCoefficients=[-180.000000 -17.000000 0]
robotYDragCoefficients=[-180.000000 -17.000000 0]
robotZDragCoefficients=[-460.000000 -35.000000 0]
