robotCoB=[1.026063 0.949158 0.000000]