<?xml version="1.0" encoding="UTF-8" standalone="no" ?>
<SimscapeMultibodyImportXML version="2.0" xmlns="urn:mathworks:SimscapeMultibody:import" xmlns:xsi="http://www.w3.org/2001/XMLSchema-instance">
<Created by="" on="09/12/22||15:33:54" using="Simscape Multibody Link Version 7.4" from="SolidWorks 30.2.0"/>
<ModelUnits mass="kilogram" length="inch"/>
<DataUnits mass="kilogram" length="meter"/>
<RootAssembly name="SimplifiedAssembly" uid="SimplifiedAssembly" version="232">
<AssemblyFile name="SimplifiedAssembly.SLDASM" type="SolidWorks Assembly"/>
<InstanceTree>
<Instance name="T200-THRUSTER-R1-7" uid="T200-THRUSTER-R1-7" entityUid="T200-THRUSTER-R1*:*Default">
<Transform>
<Rotation>-0.70762400188889929 -0.70658918188063069 6.0441477791528638e-16 -5.6413294181971537e-16 -2.9043859330149106e-16 -1 0.7065891818806308 -0.70762400188889918 -1.9308891413732252e-16</Rotation>
<Translation>-0.0039114267068822706 0.65309643620644098 1.2926396306975887</Translation>
</Transform>
</Instance>
<Instance name="T200-THRUSTER-R1-6" uid="T200-THRUSTER-R1-6" entityUid="T200-THRUSTER-R1*:*Default">
<Transform>
<Rotation>-0.70658918188062347 0.70762400188890673 0 1.4196436859650231e-16 2.7288180314157952e-16 -1 -0.70762400188890684 -0.70658918188062325 -2.9327272466380674e-16</Rotation>
<Translation>-0.81298367918844028 0.65309643620644064 1.2920476095195785</Translation>
</Transform>
</Instance>
<Instance name="T200-THRUSTER-R1-4" uid="T200-THRUSTER-R1-4" entityUid="T200-THRUSTER-R1*:*Default">
<Transform>
<Rotation>-0.7065891818806278 0 -0.7076240018889024 0 -1 0 -0.7076240018889024 0 0.7065891818806278</Rotation>
<Translation>-0.71868878531247304 0.65019821282869328 0.61090625338805016</Translation>
</Transform>
</Instance>
<Instance name="T200-THRUSTER-R1-5" uid="T200-THRUSTER-R1-5" entityUid="T200-THRUSTER-R1*:*Default">
<Transform>
<Rotation>0.70658918188062603 -0.70762400188890395 2.7548415733584961e-16 -4.9960036108132025e-16 -8.8817841970012513e-16 -1 0.70762400188890395 0.70658918188062603 -9.81106469793444e-16</Rotation>
<Translation>-0.0033388978217912535 0.65309643620644131 0.51020607615864133</Translation>
</Transform>
</Instance>
<Instance name="T200-THRUSTER-R1-2" uid="T200-THRUSTER-R1-2" entityUid="T200-THRUSTER-R1*:*Default">
<Transform>
<Rotation>-0.70762400188890351 0 0.70658918188062669 0 -1 0 0.70658918188062669 0 0.70762400188890351</Rotation>
<Translation>-0.09720939913533444 0.65019821282869306 0.61136100753044387</Translation>
</Transform>
</Instance>
<Instance name="T200-THRUSTER-R1-8" uid="T200-THRUSTER-R1-8" entityUid="T200-THRUSTER-R1*:*Default">
<Transform>
<Rotation>0.70658918188063113 0 0.70762400188889896 0 -1 0 0.70762400188889896 1.0593207980889777e-16 -0.70658918188063113</Rotation>
<Translation>-0.11106881694356607 0.65019821282869306 1.1913376015000929</Translation>
</Transform>
</Instance>
<Instance name="T200-THRUSTER-R1-3" uid="T200-THRUSTER-R1-3" entityUid="T200-THRUSTER-R1*:*Default">
<Transform>
<Rotation>0.70762400188890684 -4.2393068058871461e-16 -0.70658918188062347 0 -1 6.6204855890620673e-16 -0.70658918188062347 -5.122829711361914e-16 -0.70762400188890684</Rotation>
<Translation>-0.71911317787489448 0.65019821282869306 1.1908926781477773</Translation>
</Transform>
</Instance>
<Instance name="T200-THRUSTER-R1-1" uid="T200-THRUSTER-R1-1" entityUid="T200-THRUSTER-R1*:*Default">
<Transform>
<Rotation>0.70762400188890273 0.70658918188062725 9.6117873805170072e-16 1.9428902930940235e-16 1.1657341758564144e-15 -1 -0.70658918188062725 0.70762400188890273 6.8761895639006601e-16</Rotation>
<Translation>-0.81241115030335342 0.65309643620644131 0.50961405498064005</Translation>
</Transform>
</Instance>
<Instance name="TempestFullAssembly-1" uid="TempestFullAssembly-1" grounded="true" entityUid="TempestFullAssembly*:*Default">
<Transform>
<Rotation>1 0 0 0 1 0 0 0 1</Rotation>
<Translation>-0.97167976029028891 0.18905003616864413 1.5262422796412634</Translation>
</Transform>
</Instance>
<Instance name="Orgin^SimplifiedAssembly-1" uid="Orgin^SimplifiedAssembly-1" entityUid="Orgin^SimplifiedAssembly*:*Default">
<Transform>
<Rotation>1 0 0 0 5.0135525246461209e-16 1 0 -1 5.0135525246461209e-16</Rotation>
<Translation>-0.97167976029028891 0.72819821282869268 1.5262422796412636</Translation>
</Transform>
</Instance>
</InstanceTree>
<Constraints>
<Coincident name="Coincident14">
<ConstraintGeometry geomType="plane">
<InstancePath>
<Uid>TempestFullAssembly-1</Uid>
</InstancePath>
<Position>0.94937123094323816 0.52644817666004895 -0.96568639012849045</Position>
<Axis>0.70762400188890351 4.0022417477866862e-16 -0.70658918188062658</Axis>
</ConstraintGeometry>
<ConstraintGeometry geomType="plane">
<InstancePath>
<Uid>T200-THRUSTER-R1-5</Uid>
</InstancePath>
<Position>0 0.049000000000000044 -0.0052517766222518469</Position>
<Axis>0 1 0</Axis>
</ConstraintGeometry>
</Coincident>
<Concentric name="Concentric7">
<ConstraintGeometry geomType="cylinder">
<InstancePath>
<Uid>TempestFullAssembly-1</Uid>
</InstancePath>
<Position>0.92917387396394657 0.47879817666004909 -0.97692649226552919</Position>
<Axis>0.70762400188890429 -1.3669400629429844e-16 -0.70658918188062592</Axis>
</ConstraintGeometry>
<ConstraintGeometry geomType="cone">
<InstancePath>
<Uid>T200-THRUSTER-R1-5</Uid>
</InstancePath>
<Position>0 0.049000000000000044 -0.014751776622251911</Position>
<Axis>0 1 0</Axis>
</ConstraintGeometry>
</Concentric>
<Parallel name="Parallel7">
<ConstraintGeometry geomType="plane">
<InstancePath>
<Uid>TempestFullAssembly-1</Uid>
</InstancePath>
<Position>0.91796334180864436 0.52644817666004895 -0.99714027701245211</Position>
<Axis>-0.70658918188062658 3.1132146564752014e-16 -0.70762400188890351</Axis>
</ConstraintGeometry>
<ConstraintGeometry geomType="plane">
<InstancePath>
<Uid>T200-THRUSTER-R1-5</Uid>
</InstancePath>
<Position>-0.014850000000029118 -500 -0.0052517766222518469</Position>
<Axis>-1 0 1.6390876555426852e-16</Axis>
</ConstraintGeometry>
</Parallel>
<Coincident name="Coincident16">
<ConstraintGeometry geomType="plane">
<InstancePath>
<Uid>TempestFullAssembly-1</Uid>
</InstancePath>
<Position>0.91741852022927739 0.52644817666004862 -0.25257228046893587</Position>
<Axis>0.70658918188063102 -3.1132146564751767e-16 0.70762400188889918</Axis>
</ConstraintGeometry>
<ConstraintGeometry geomType="plane">
<InstancePath>
<Uid>T200-THRUSTER-R1-7</Uid>
</InstancePath>
<Position>1.1102230246251565e-16 0.049000000000000044 -0.0052517766222518469</Position>
<Axis>0 1 0</Axis>
</ConstraintGeometry>
</Coincident>
<Concentric name="Concentric8">
<ConstraintGeometry geomType="cylinder">
<InstancePath>
<Uid>TempestFullAssembly-1</Uid>
</InstancePath>
<Position>0.93314546367125595 0.45979817666004885 -0.26827622503623072</Position>
<Axis>-0.7065891818806308 0 -0.7076240018888994</Axis>
</ConstraintGeometry>
<ConstraintGeometry geomType="cone">
<InstancePath>
<Uid>T200-THRUSTER-R1-7</Uid>
</InstancePath>
<Position>1.1102230246251565e-16 0.049000000000000044 0.004248223377748106</Position>
<Axis>0 1 0</Axis>
</ConstraintGeometry>
</Concentric>
<Parallel name="Parallel8">
<ConstraintGeometry geomType="plane">
<InstancePath>
<Uid>TempestFullAssembly-1</Uid>
</InstancePath>
<Position>0.77383959847113226 0.52644817666004873 -0.3963614776527602</Position>
<Axis>-0.70762400188889674 -4.0022417477867167e-16 0.70658918188063347</Axis>
</ConstraintGeometry>
<ConstraintGeometry geomType="plane">
<InstancePath>
<Uid>T200-THRUSTER-R1-7</Uid>
</InstancePath>
<Position>0.014850000095985916 -499.99999999999989 0.0053316931169988813</Position>
<Axis>1 0 -1.6390876704104359e-16</Axis>
</ConstraintGeometry>
</Parallel>
<Coincident name="Coincident18">
<ConstraintGeometry geomType="plane">
<InstancePath>
<Uid>TempestFullAssembly-1</Uid>
</InstancePath>
<Position>0.1781645364571115 0.4121481766600491 -0.96625070400077617</Position>
<Axis>-0.70658918188062769 3.058731341507692e-16 -0.7076240018889024</Axis>
</ConstraintGeometry>
<ConstraintGeometry geomType="plane">
<InstancePath>
<Uid>T200-THRUSTER-R1-1</Uid>
</InstancePath>
<Position>1.1102230246251565e-16 0.049000000000000099 -0.005251776622251958</Position>
<Axis>0 1 0</Axis>
</ConstraintGeometry>
</Coincident>
<Concentric name="Concentric9">
<ConstraintGeometry geomType="cylinder">
<InstancePath>
<Uid>TempestFullAssembly-1</Uid>
</InstancePath>
<Position>0.19837832120402721 0.45979817666004918 -0.97746123615607339</Position>
<Axis>-0.70658918188062625 2.845390967296579e-16 -0.70762400188890395</Axis>
</ConstraintGeometry>
<ConstraintGeometry geomType="cone">
<InstancePath>
<Uid>T200-THRUSTER-R1-1</Uid>
</InstancePath>
<Position>1.1102230246251565e-16 0.049000000000000099 0.004248223377747995</Position>
<Axis>0 1 0</Axis>
</ConstraintGeometry>
</Concentric>
<Parallel name="Parallel9">
<ConstraintGeometry geomType="plane">
<InstancePath>
<Uid>TempestFullAssembly-1</Uid>
</InstancePath>
<Position>0.20961842334107317 0.4121481766600491 -0.99765859313537009</Position>
<Axis>0.7076240018889024 2.9960703929517644e-16 -0.70658918188062769</Axis>
</ConstraintGeometry>
<ConstraintGeometry geomType="plane">
<InstancePath>
<Uid>T200-THRUSTER-R1-1</Uid>
</InstancePath>
<Position>0.014850000095990912 -500.00000000000006 0.0053316931169989923</Position>
<Axis>1 0 -1.6390876704104364e-16</Axis>
</ConstraintGeometry>
</Parallel>
<Coincident name="Coincident20">
<ConstraintGeometry geomType="plane">
<InstancePath>
<Uid>TempestFullAssembly-1</Uid>
</InstancePath>
<Position>0.20907360176170309 0.41214817666004877 -0.25309059659185373</Position>
<Axis>-0.70762400188890673 -2.9960703929517447e-16 0.70658918188062325</Axis>
</ConstraintGeometry>
<ConstraintGeometry geomType="plane">
<InstancePath>
<Uid>T200-THRUSTER-R1-6</Uid>
</InstancePath>
<Position>-1.1102230246251565e-16 0.048999999999999932 -0.005251776622251958</Position>
<Axis>0 1 0</Axis>
</ConstraintGeometry>
</Coincident>
<Concentric name="Concentric10">
<ConstraintGeometry geomType="cylinder">
<InstancePath>
<Uid>TempestFullAssembly-1</Uid>
</InstancePath>
<Position>0.19336965719440624 0.45979817666004863 -0.2688175400338364</Position>
<Axis>0.70762400188890673 3.5848550649582104e-16 -0.70658918188062325</Axis>
</ConstraintGeometry>
<ConstraintGeometry geomType="cone">
<InstancePath>
<Uid>T200-THRUSTER-R1-6</Uid>
</InstancePath>
<Position>-1.1102230246251565e-16 0.048999999999999932 0.004248223377748106</Position>
<Axis>0 1 0</Axis>
</ConstraintGeometry>
</Concentric>
<Parallel name="Parallel11">
<ConstraintGeometry geomType="plane">
<InstancePath>
<Uid>TempestFullAssembly-1</Uid>
</InstancePath>
<Position>0.35286279894552985 0.41214817666004888 -0.39666951834999642</Position>
<Axis>0.70658918188062081 -3.0587313415077211e-16 0.70762400188890917</Axis>
</ConstraintGeometry>
<ConstraintGeometry geomType="plane">
<InstancePath>
<Uid>T200-THRUSTER-R1-6</Uid>
</InstancePath>
<Position>-0.014849999999923646 -500 -0.005251776622251958</Position>
<Axis>-1.0000000000000002 1.1102230246251565e-16 1.6390876555426833e-16</Axis>
</ConstraintGeometry>
</Parallel>
<Coincident name="Coincident23">
<ConstraintGeometry geomType="plane">
<InstancePath>
<Uid>TempestFullAssembly-1</Uid>
</InstancePath>
<Position>0.77400687154797576 0.41214817666004888 -0.62496141645353442</Position>
<Axis>0 1 0</Axis>
</ConstraintGeometry>
<ConstraintGeometry geomType="plane">
<InstancePath>
<Uid>T200-THRUSTER-R1-2</Uid>
</InstancePath>
<Position>0 0.049000000000000044 -0.0052517766222518469</Position>
<Axis>0 1 0</Axis>
</ConstraintGeometry>
</Coincident>
<Concentric name="Concentric11">
<ConstraintGeometry geomType="cylinder">
<InstancePath>
<Uid>TempestFullAssembly-1</Uid>
</InstancePath>
<Position>0.87747210983588375 0.41214817666004888 -0.91187512728333897</Position>
<Axis>0 -1 0</Axis>
</ConstraintGeometry>
<ConstraintGeometry geomType="cone">
<InstancePath>
<Uid>T200-THRUSTER-R1-2</Uid>
</InstancePath>
<Position>0 0.049000000000000044 0.004248223377748106</Position>
<Axis>0 1 0</Axis>
</ConstraintGeometry>
</Concentric>
<Parallel name="Parallel12">
<ConstraintGeometry geomType="plane">
<InstancePath>
<Uid>TempestFullAssembly-1</Uid>
</InstancePath>
<Position>0.94937123094323816 0.52644817666004895 -0.96568639012849045</Position>
<Axis>0.70762400188890351 4.0022417477866862e-16 -0.70658918188062658</Axis>
</ConstraintGeometry>
<ConstraintGeometry geomType="plane">
<InstancePath>
<Uid>T200-THRUSTER-R1-2</Uid>
</InstancePath>
<Position>-0.014849999999999974 -500.00000000000006 -0.0052517766222519024</Position>
<Axis>-1.0000000000000002 0 1.1102230246251565e-16</Axis>
</ConstraintGeometry>
</Parallel>
<Coincident name="Coincident26">
<ConstraintGeometry geomType="plane">
<InstancePath>
<Uid>TempestFullAssembly-1</Uid>
</InstancePath>
<Position>0.35303007202237324 0.41214817666004888 -0.62526945715077076</Position>
<Axis>0 1 4.281422640393157e-16</Axis>
</ConstraintGeometry>
<ConstraintGeometry geomType="plane">
<InstancePath>
<Uid>T200-THRUSTER-R1-4</Uid>
</InstancePath>
<Position>0 0.049000000000000044 -0.005251776622251958</Position>
<Axis>0 1 0</Axis>
</ConstraintGeometry>
</Coincident>
<Concentric name="Concentric12">
<ConstraintGeometry geomType="cylinder">
<InstancePath>
<Uid>TempestFullAssembly-1</Uid>
</InstancePath>
<Position>0.24998483015033557 0.40579817666004903 -0.9123342775722838</Position>
<Axis>0 1 4.281422640393157e-16</Axis>
</ConstraintGeometry>
<ConstraintGeometry geomType="cone">
<InstancePath>
<Uid>T200-THRUSTER-R1-4</Uid>
</InstancePath>
<Position>0 0.049000000000000044 0.004248223377748106</Position>
<Axis>0 1 0</Axis>
</ConstraintGeometry>
</Concentric>
<Parallel name="Parallel13">
<ConstraintGeometry geomType="plane">
<InstancePath>
<Uid>TempestFullAssembly-1</Uid>
</InstancePath>
<Position>0.1781645364571115 0.4121481766600491 -0.96625070400077617</Position>
<Axis>-0.70658918188062769 3.058731341507692e-16 -0.7076240018889024</Axis>
</ConstraintGeometry>
<ConstraintGeometry geomType="plane">
<InstancePath>
<Uid>T200-THRUSTER-R1-4</Uid>
</InstancePath>
<Position>0.014850000096000071 -500.00000000000006 0.0053316931169988813</Position>
<Axis>1.0000000000000004 0 -1.1102230246251565e-16</Axis>
</ConstraintGeometry>
</Parallel>
<Coincident name="Coincident28">
<ConstraintGeometry geomType="plane">
<InstancePath>
<Uid>TempestFullAssembly-1</Uid>
</InstancePath>
<Position>0.77400687154797576 0.41214817666004888 -0.62496141645353442</Position>
<Axis>0 1 0</Axis>
</ConstraintGeometry>
<ConstraintGeometry geomType="plane">
<InstancePath>
<Uid>T200-THRUSTER-R1-8</Uid>
</InstancePath>
<Position>0 0.049000000000000044 -0.0052517766222518469</Position>
<Axis>0 1 0</Axis>
</ConstraintGeometry>
</Coincident>
<Concentric name="Concentric13">
<ConstraintGeometry geomType="cylinder">
<InstancePath>
<Uid>TempestFullAssembly-1</Uid>
</InstancePath>
<Position>0.86361708817420302 0.41214817666004888 -0.3379064268220997</Position>
<Axis>0 -1 0</Axis>
</ConstraintGeometry>
<ConstraintGeometry geomType="cone">
<InstancePath>
<Uid>T200-THRUSTER-R1-8</Uid>
</InstancePath>
<Position>-1.1102230246251565e-16 0.049000000000000044 0.004248223377748217</Position>
<Axis>0 1 0</Axis>
</ConstraintGeometry>
</Concentric>
<Parallel name="Parallel14">
<ConstraintGeometry geomType="plane">
<InstancePath>
<Uid>TempestFullAssembly-1</Uid>
</InstancePath>
<Position>0.91741852022927739 0.52644817666004862 -0.25257228046893587</Position>
<Axis>0.70658918188063102 -3.1132146564751767e-16 0.70762400188889918</Axis>
</ConstraintGeometry>
<ConstraintGeometry geomType="plane">
<InstancePath>
<Uid>T200-THRUSTER-R1-8</Uid>
</InstancePath>
<Position>0.014850000096000016 -500.00000000000006 0.0053316931169989923</Position>
<Axis>1 0 -1.6653345369377348e-16</Axis>
</ConstraintGeometry>
</Parallel>
<Coincident name="Coincident30">
<ConstraintGeometry geomType="plane">
<InstancePath>
<Uid>TempestFullAssembly-1</Uid>
</InstancePath>
<Position>0.35303007202237324 0.41214817666004888 -0.62526945715077076</Position>
<Axis>0 1 4.281422640393157e-16</Axis>
</ConstraintGeometry>
<ConstraintGeometry geomType="plane">
<InstancePath>
<Uid>T200-THRUSTER-R1-3</Uid>
</InstancePath>
<Position>0 0.048999999999999932 -0.0052517766222518469</Position>
<Axis>0 1 0</Axis>
</ConstraintGeometry>
</Coincident>
<Concentric name="Concentric14">
<ConstraintGeometry geomType="cylinder">
<InstancePath>
<Uid>TempestFullAssembly-1</Uid>
</InstancePath>
<Position>0.24956483373446514 0.4057981766600488 -0.33835574632096588</Position>
<Axis>0 1 4.281422640393157e-16</Axis>
</ConstraintGeometry>
<ConstraintGeometry geomType="cone">
<InstancePath>
<Uid>T200-THRUSTER-R1-3</Uid>
</InstancePath>
<Position>0 0.049000000000000044 0.004248223377748106</Position>
<Axis>0 1 0</Axis>
</ConstraintGeometry>
</Concentric>
<Parallel name="Parallel16">
<ConstraintGeometry geomType="plane">
<InstancePath>
<Uid>TempestFullAssembly-1</Uid>
</InstancePath>
<Position>0.20907360176170309 0.41214817666004877 -0.25309059659185373</Position>
<Axis>-0.70762400188890673 -2.9960703929517447e-16 0.70658918188062325</Axis>
</ConstraintGeometry>
<ConstraintGeometry geomType="plane">
<InstancePath>
<Uid>T200-THRUSTER-R1-3</Uid>
</InstancePath>
<Position>-0.014849999999999808 -500.00000000000006 -0.0052517766222518469</Position>
<Axis>-1.0000000000000004 0 1.1102230246251565e-16</Axis>
</ConstraintGeometry>
</Parallel>
</Constraints>
</RootAssembly>
<Assemblies>
</Assemblies>
<Parts>
<Part name="Orgin^SimplifiedAssembly" uid="Orgin^SimplifiedAssembly*:*Default" version="303">
<ModelUnits mass="kilogram" length="inch"/>
<PartFile name="SimplifiedAssembly.SLDPRT" type="SolidWorks Part"/>
<MassProperties>
<Mass>1.6409721710573928e-06</Mass>
<CenterOfMass>0.91796334180864392 0.99714027701245223 0</CenterOfMass>
<Inertia>3.8598058547687472e-13 3.8598058547687472e-13 3.308405018373382e-13 0 0 0</Inertia>
</MassProperties>
<GeometryFile name="Orgin-SimplifiedAssembly_Default_sldprt.STEP" type="STEP"/>
<VisualProperties>
<Ambient r="0.69803921568627447" g="0.69803921568627447" b="0.69803921568627447" a="1"/>
<Diffuse r="0.69803921568627447" g="0.69803921568627447" b="0.69803921568627447" a="1"/>
<Specular r="0.69803921568627447" g="0.69803921568627447" b="0.69803921568627447" a="1"/>
<Emissive r="0" g="0" b="0" a="1"/>
<Shininess>0.3125</Shininess>
</VisualProperties>
</Part>
<Part name="T200-THRUSTER-R1" uid="T200-THRUSTER-R1*:*Default" version="191">
<ModelUnits mass="kilogram" length="inch"/>
<PartFile name="T200-THRUSTER-R1.SLDPRT" type="SolidWorks Part"/>
<MassProperties>
<Mass>0.35180870288029081</Mass>
<CenterOfMass>-3.4286890411108476e-05 0.00064848675528070894 0.0074537225861712863</CenterOfMass>
<Inertia>0.00029755759634672428 0.00028921411441818883 0.00032943830711075158 1.241854550583139e-06 -4.2954766558825928e-07 1.2486902500537222e-07</Inertia>
</MassProperties>
<GeometryFile name="T200-THRUSTER-R1_Default_sldprt.STEP" type="STEP"/>
<VisualProperties>
<Ambient r="0.69411764705882351" g="0.098039215686274508" b="0.098039215686274508" a="1"/>
<Diffuse r="0.48588235294117643" g="0.068627450980392149" b="0.068627450980392149" a="1"/>
<Specular r="0.034705882352941177" g="0.0049019607843137254" b="0.0049019607843137254" a="1"/>
<Emissive r="0" g="0" b="0" a="1"/>
<Shininess>0.3125</Shininess>
</VisualProperties>
</Part>
<Part name="TempestFullAssembly" uid="TempestFullAssembly*:*Default" version="545">
<ModelUnits mass="kilogram" length="inch"/>
<PartFile name="TempestFullAssembly.SLDPRT" type="SolidWorks Part"/>
<MassProperties>
<Mass>20.056425426330314</Mass>
<CenterOfMass>0.56418153095721058 0.41160085340083025 -0.60117456594274332</CenterOfMass>
<Inertia>0.46973677303594036 1.0171254534013636 0.94625857086468423 -0.010339918193205924 -0.00034094489561911905 -0.0005753840848287178</Inertia>
</MassProperties>
<GeometryFile name="TempestFullAssembly_Default_sldprt.STEP" type="STEP"/>
<VisualProperties>
<Ambient r="0.75294117647058822" g="0.75294117647058822" b="0.75294117647058822" a="1"/>
<Diffuse r="0.75294117647058822" g="0.75294117647058822" b="0.75294117647058822" a="1"/>
<Specular r="0.37647058823529411" g="0.37647058823529411" b="0.37647058823529411" a="1"/>
<Emissive r="0" g="0" b="0" a="1"/>
<Shininess>0.40000000596046448</Shininess>
</VisualProperties>
</Part>
</Parts>
</SimscapeMultibodyImportXML>
